1	[[ 25  25 300  45  25 180  15  28  30  25  18  15  30]]	[ 25  28 219  41  26 178  24  28  28  28  27  19  27]
2	[[180 180  60  45   0 180 150 180 200  25 150 100  50  60  30  65  45]]	[123 125  54  47  11 125 120 127 169  23 118  63  46  53  30  61  43]
3	[[40 30 18 50 25 90 50 50 24 23 25 18 20 30 20 25 30 10 15 40 50 12]]	[33 26 18 48 24 74 48 50 21 18 24 18 19 27 19 24 26 12 14 35 49 12]
4	[[ 35  30  12  25  25  10  13  12  10  33  12 140]]	[ 32  26  16  26  26  11  37  23  10  31  13 102]
5	[[95 30 95 35 37 50 60 45 20 58 55 40 40 55 20 34 40 25 40]]	[90 28 85 34 36 49 57 39 22 56 54 39 39 54 22 34 41 26 39]
6	[[45 45 55 32 50 40 40]]	[45 45 46 35 47 42 40]
7	[[ 50  75  90 280]]	[ 99  82  83 216]
8	[[ 50  70  15 180  45  45  26  55  30  75  25  30]]	[ 46  63  19 138  51  46  27  48  29  74  26  29]
9	[[14  6 58 20 20]]	[17 11 43 18 21]
10	[[140 140 130 120 130 140 100 120 150 130 110 120 110  80  90 110  99 100
  110 100]]	[131 134 115 115 120 137  95 115 140 115 112 116 109  89  97 100  94  98
 109  96]
11	[[ 10  50 150  50  70]]	[ 36  52 111  48  63]
12	[[20 28]]	[21 26]
13	[[ 6 60 58 48]]	[21 52 56 50]
14	[[45 36]]	[41 38]
15	[[  0  70  40 100  20  60]]	[10 62 46 84 20 48]
