1	[ 25  25 300  45  25 180  15  28  30  25  18  15  30]	[ 24  24 288  43  24 173  14  26  28  24  17  14  28]
2	[180 180  60  45   0 180 150 180 200  25 150 100  50  60  30  65  45]	[150 150  50  37   0 150 125 150 167  20 125  83  41  50  25  54  37]
3	[40 30 18 50 25 90 50 50 24 23 25 18 20 30 20 25 30 10 15 40 50 12]	[35 26 15 44 22 79 44 44 21 20 22 15 17 26 17 22 26  8 13 35 44 10]
4	[ 35  30  12  25  25  10  13  12  10  33  12 140]	[ 32  27  11  23  23   9  11  11   9  30  11 129]
5	[95 30 95 35 37 50 60 45 20 58 55 40 40 55 20 34 40 25 40]	[90 28 90 33 35 47 57 43 19 55 52 38 38 52 19 32 38 23 38]
6	[45 45 55 32 50 40 40]	[42 42 51 30 46 37 37]
7	[ 50  75  90 280]	[ 46  69  83 259]
8	[ 50  70  15 180  45  45  26  55  30  75  25  30]	[ 45  63  13 162  40  40  23  49  27  67  22  27]
9	[14  6 58 20 20]	[13  5 56 19 19]
10	[140 140 130 120 130 140 100 120 150 130 110 120 110  80  90 110  99 100
 110 100]	[129 129 120 111 120 129  92 111 139 120 102 111 102  74  83 102  91  92
 102  92]
11	[ 10  50 150  50  70]	[  9  49 148  49  69]
12	[20 28]	[19 26]
13	[ 6 60 58 48]	[ 5 58 56 46]
14	[45 36]	[40 32]
15	[  0  70  40 100  20  60]	[ 0 60 34 86 17 51]
