1	[[ 25  25 300  45  25 180  15  28  30  25  18  15  30]]	[ 25  25 300  45  25 180  15  25  28  25  18  15  28]
2	[[180 180  60  45   0 180 150 180 200  25 150 100  50  60  30  65  45]]	[100 100  45  45   0 100 100 100 150  25 100  60  50  50  30  65  45]
3	[[40 30 18 50 25 90 50 50 24 23 25 18 20 30 20 25 30 10 15 40 50 12]]	[30 24 18 50 25 90 50 50 20 18 25 18 20 30 20 25 25 10 12 40 50 12]
4	[[ 35  30  12  25  25  10  13  12  10  33  12 140]]	[ 35  25  12  25  25  10  13  12  10  33  12 140]
5	[[95 30 95 35 37 50 60 45 20 58 55 40 40 55 20 34 40 25 40]]	[95 30 95 35 37 50 60 40 20 58 55 40 40 55 20 34 40 25 40]
6	[[45 45 55 32 50 40 40]]	[45 45 55 32 50 40 32]
7	[[ 50  75  90 280]]	[ 50  75  75 280]
8	[[ 50  70  15 180  45  45  26  55  30  75  25  30]]	[ 50  70  15 180  45  45  25  50  26  75  25  26]
9	[[14  6 58 20 20]]	[14  6 58 20 20]
10	[[140 140 130 120 130 140 100 120 150 130 110 120 110  80  90 110  99 100
  110 100]]	[140 140 130 110 150 140 100 110 150 120 130 110 130  80  90  99  99 100
 120 100]
11	[[ 10  50 150  50  70]]	[ 10  50 150  50  70]
12	[[20 28]]	[20 28]
13	[[ 6 60 58 48]]	[ 6 60 58 48]
14	[[45 36]]	[45 36]
15	[[  0  70  40 100  20  60]]	[  0  70  40 100  20  20]
