1	[ 25  25 300  45  25 180  15  28  30  25  18  15  30]	[ 24  20 293  37  19 170  11  26  23  18  18  13  25]
2	[180 180  60  45   0 180 150 180 200  25 150 100  50  60  30  65  45]	[150 155  35  31   5 155 133 162 174  27 117  67  43  61  28  55  39]
3	[40 30 18 50 25 90 50 50 24 23 25 18 20 30 20 25 30 10 15 40 50 12]	[32 24 17 43 21 78 48 42 20 21 22 16 16 26 17 21 25  9 16 35 45 16]
4	[ 35  30  12  25  25  10  13  12  10  33  12 140]	[ 32  25  11  23  21   8  12  10   8  30  11 129]
5	[95 30 95 35 37 50 60 45 20 58 55 40 40 55 20 34 40 25 40]	[89 30 90 35 35 46 60 44 12 57 53 37 40 52 16 32 40 20 37]
6	[45 45 55 32 50 40 40]	[41 41 49 31 53 39 28]
7	[ 50  75  90 280]	[ 42  71  82 265]
8	[ 50  70  15 180  45  45  26  55  30  75  25  30]	[ 45  61  10 161  41  39  22  49  26  70  24  27]
9	[14  6 58 20 20]	[13  6 56 20 20]
10	[140 140 130 120 130 140 100 120 150 130 110 120 110  80  90 110  99 100
 110 100]	[138 128 113 115 111 115 110 126 120 126 124 118 112 106 105 108 102 112
 113 111]
11	[ 10  50 150  50  70]	[  9  50 150  45  70]
12	[20 28]	[19 27]
13	[ 6 60 58 48]	[ 6 60 56 46]
14	[45 36]	[42 33]
15	[  0  70  40 100  20  60]	[ 0 56 31 91 16 51]
