1	[[ 25  25 300  45  25 180  14  28  30  25  18  14  30]]	[ 33  32 149  51  26 121  22  36  31  33  26  21  29]
2	[[180 180  60  45   0 180 150 180 200  25 150 100  50  60  30  65  45]]	[148 162  65  50  18 163 144 165 178  31 117  76  45  66  36  54  41]
3	[[40 30 18 50 25 90 50 50 24 23 25 18 20 30 20 25 30 10 15 40 50 12]]	[33 25 18 46 22 60 48 41 22 23 23 18 21 30 20 21 25 12 14 38 46 13]
4	[[ 35  30  12  25  25  10  13  12  10  33  12 140]]	[25 26 15 20 22 13 16 15 13 29 15 65]
5	[[95 30 95 35 37 50 60 45 20 58 55 40 40 55 20 34 40 25 40]]	[74 31 77 34 34 46 57 43 25 55 53 37 40 52 28 35 42 29 37]
6	[[45 45 55 32 50 40 40]]	[44 44 48 36 44 40 40]
7	[[ 50  75  90 280]]	[ 58  84  84 200]
8	[[ 50  70  15 180  45  45  26  55  30  75  25  30]]	[44 62 19 97 41 38 28 48 32 68 29 33]
9	[[14  6 58 20 20]]	[13  7 35 19 21]
10	[[140 140 130 120 130 140 100 120 150 130 110 120 110  80  90 110  99 100
  110 100]]	[137 123 119 114 112 123  98 121 125 118 110 114 107  98 108 101  98 101
 107  99]
11	[[  9  50 150  50  70]]	[ 19  54 101  50  65]
12	[[20 28]]	[20 27]
13	[[ 6 60 58 48]]	[23 57 55 45]
14	[[45 36]]	[43 36]
15	[[  0  70  40 100  20  60]]	[13 62 41 79 21 56]
